# Date: Thu Nov 9 15:43:33 2023
# Object: noProject-BWS0001
# Illuminant: D65
# Sample integration time [ms]: 50
# White standard integration time [ms]: 50
# Sample: 09
# Curr: 700 (Watts: 0.0194186, MLuxes: 5.65894)
# LED: 1
#Time	Watts	Lux	L	a	b	dE76	dE2000	dL	da	db	dC	dh
0	0	0	46.6958	0.332886	-51.0424	0	0	0	0	0	0	0
7.999	0.155329	0.0125739	46.8883	-0.0441841	-50.4595	0.720394	0.230088	0.192485	-0.37707	0.582868	-0.583934	-0.423834
17.998	0.349496	0.0282916	46.9581	-0.574982	-49.8577	1.51546	0.429973	0.262268	-0.907868	1.18474	-1.18251	-1.0344
27.998	0.543682	0.0440108	47.1115	-0.521354	-49.7686	1.58904	0.510035	0.415717	-0.85424	1.27377	-1.27212	-0.973847
37.996	0.737829	0.059727	47.1073	-0.967191	-49.2159	2.27936	0.630366	0.41149	-1.30008	1.82647	-1.81805	-1.49949
47.995	0.931996	0.0754447	47.2102	-1.02564	-49.0906	2.43306	0.711929	0.514406	-1.35852	1.95181	-1.94219	-1.57056
57.994	1.12616	0.0911624	47.1439	-1.45487	-48.6227	3.04167	0.812887	0.448075	-1.78775	2.4197	-2.39902	-2.08753
67.994	1.32035	0.106882	47.2334	-1.43483	-48.5138	3.13173	0.847051	0.537586	-1.76772	2.52862	-2.50849	-2.06773
77.992	1.5145	0.122598	47.3508	-1.42328	-48.4169	3.22587	0.913313	0.654964	-1.75616	2.62548	-2.60565	-2.05746
87.992	1.70868	0.138317	47.365	-1.55358	-48.2569	3.43011	0.961553	0.669211	-1.88647	2.7855	-2.76159	-2.21761
97.993	1.90289	0.154038	47.3787	-1.67165	-48.0567	3.66043	1.00377	0.682866	-2.00453	2.98568	-2.9577	-2.36589
107.991	2.09703	0.169754	47.4782	-1.76302	-47.9191	3.84189	1.09673	0.782395	-2.09591	3.12332	-3.09198	-2.48072
118.039	2.29215	0.185549	47.3993	-2.00414	-47.5708	4.24364	1.11931	0.70351	-2.33702	3.47159	-3.43047	-2.78608
128.039	2.48634	0.201268	47.4349	-2.02181	-47.5013	4.31628	1.14452	0.739102	-2.3547	3.54109	-3.49917	-2.81089
138.038	2.68051	0.216986	47.4915	-2.12153	-47.3166	4.53198	1.20941	0.795684	-2.45441	3.7258	-3.67934	-2.9409
148.037	2.87467	0.232703	47.5426	-2.14641	-47.2853	4.5804	1.25005	0.846738	-2.4793	3.75715	-3.70954	-2.9727
158.036	3.06884	0.248421	47.58	-2.2914	-47.0592	4.85123	1.31849	0.884218	-2.62429	3.98318	-3.92851	-3.1613
168.034	3.26299	0.264137	47.67	-2.21349	-47.0727	4.81572	1.35158	0.97414	-2.54638	3.96966	-3.91873	-3.06588
178.034	3.45717	0.279857	47.6303	-2.36632	-46.8808	5.04759	1.37175	0.934488	-2.69921	4.16163	-4.10303	-3.26324
188.033	3.65134	0.295574	47.7303	-2.2834	-46.8833	5.02131	1.41149	1.03445	-2.61628	4.15915	-4.10466	-3.16199
198.033	3.84552	0.311294	47.696	-2.56184	-46.5646	5.425	1.47454	1.00018	-2.89472	4.47781	-4.40848	-3.52272
208.031	4.03967	0.32701	47.7208	-2.49637	-46.5253	5.42766	1.46681	1.02497	-2.82926	4.5171	-4.45126	-3.445
218.031	4.23386	0.342729	47.7815	-2.61897	-46.4266	5.58549	1.5474	1.08568	-2.95186	4.61579	-4.54306	-3.60235
228.029	4.428	0.358445	47.7233	-2.75225	-46.2118	5.8231	1.55046	1.02751	-3.08514	4.8306	-4.7498	-3.78202
238.029	4.62219	0.374164	47.7559	-2.71128	-46.1826	5.83165	1.55612	1.06009	-3.04417	4.85977	-4.78134	-3.73351
248.028	4.81636	0.389882	47.7898	-2.78108	-46.0766	5.96266	1.60037	1.09399	-3.11397	4.96585	-4.88308	-3.82772
258.027	5.01052	0.4056	47.9453	-2.64637	-46.1469	5.86537	1.66537	1.24946	-2.97925	4.89546	-4.82073	-3.65578
268.026	5.20469	0.421318	47.8155	-3.06987	-45.7109	6.42317	1.71208	1.11967	-3.40276	5.33148	-5.2296	-4.21579
278.075	5.39983	0.437114	47.8683	-3.00511	-45.7442	6.3709	1.72337	1.17247	-3.338	5.29825	-5.20074	-4.13224
288.074	5.59399	0.452832	47.9134	-3.07959	-45.6439	6.50161	1.77733	1.21762	-3.41247	5.39846	-5.29577	-4.23355
298.076	5.78822	0.468554	48.0109	-2.99928	-45.587	6.5264	1.81553	1.31507	-3.33216	5.45538	-5.35791	-4.13786
308.072	5.98233	0.484267	48.0271	-3.01014	-45.6021	6.52263	1.8307	1.33133	-3.34303	5.44026	-5.34211	-4.15021
318.072	6.17651	0.499986	47.9009	-3.31349	-45.2388	6.95915	1.84501	1.20509	-3.64638	5.80358	-5.68348	-4.56278
328.071	6.37068	0.515704	48.0314	-3.1574	-45.3468	6.8122	1.87837	1.33557	-3.49029	5.69563	-5.58692	-4.35662
338.07	6.56485	0.531422	48.101	-3.08194	-45.3594	6.77736	1.90318	1.40516	-3.41483	5.68305	-5.57955	-4.26065
348.069	6.75901	0.547139	48.1384	-3.04342	-45.3352	6.78619	1.91845	1.44263	-3.37631	5.70717	-5.60621	-4.21425
358.068	6.95318	0.562857	48.0394	-3.38455	-44.962	7.25234	1.95577	1.34356	-3.71744	6.08046	-5.95433	-4.67854
368.067	7.14735	0.578575	48.1012	-3.26644	-45.0374	7.14074	1.95927	1.40537	-3.59933	6.00499	-5.88778	-4.52191
378.067	7.34153	0.594294	48.137	-3.30225	-44.9667	7.22534	1.99529	1.44114	-3.63514	6.07572	-5.95572	-4.57379
388.066	7.5357	0.610012	48.0886	-3.60612	-44.65	7.63666	2.06197	1.39276	-3.939	6.39242	-6.24812	-4.99108
398.066	7.72989	0.625731	48.143	-3.54524	-44.7036	7.57062	2.07762	1.44718	-3.87813	6.33877	-6.1995	-4.90804
408.063	7.92401	0.641446	48.2072	-3.49734	-44.7156	7.54871	2.10579	1.51134	-3.83022	6.32678	-6.19131	-4.84583
418.063	8.1182	0.657165	48.1694	-3.58101	-44.5931	7.68659	2.10669	1.4736	-3.9139	6.44931	-6.30684	-4.9649
428.062	8.31237	0.672883	48.2257	-3.52444	-44.5277	7.72401	2.12667	1.52985	-3.85733	6.51467	-6.37649	-4.89928
438.061	8.50653	0.6886	48.2341	-3.70081	-44.3522	7.96214	2.18953	1.53827	-4.03369	6.6902	-6.53715	-5.14345
448.06	8.7007	0.704318	48.2171	-3.697	-44.3504	7.95847	2.17664	1.52125	-4.02989	6.69202	-6.53928	-5.13876
458.059	8.89487	0.720036	48.2988	-3.75525	-44.2624	8.07782	2.2518	1.60298	-4.08814	6.78002	-6.6221	-5.22306
468.059	9.08905	0.735755	48.2387	-3.80407	-44.152	8.18367	2.22665	1.5429	-4.13696	6.89039	-6.7279	-5.29802
478.108	9.28419	0.751551	48.272	-3.74861	-44.1102	8.19744	2.23095	1.57619	-4.0815	6.93217	-6.77426	-5.23115
488.107	9.47836	0.767269	48.3259	-3.72381	-44.0725	8.22763	2.26071	1.6301	-4.05669	6.96993	-6.81398	-5.20327
498.107	9.67254	0.782988	48.3316	-3.78028	-44.0154	8.30502	2.28272	1.63579	-4.11316	7.02704	-6.86609	-5.28249
508.105	9.86669	0.798704	48.3625	-3.8119	-43.9495	8.38254	2.31467	1.66671	-4.14479	7.09293	-6.92902	-5.33073
518.104	10.0609	0.814422	48.3492	-3.94222	-43.822	8.55244	2.34784	1.65338	-4.27511	7.22039	-7.04451	-5.51415
528.103	10.255	0.83014	48.4177	-3.87676	-43.8161	8.53848	2.37463	1.72186	-4.20964	7.22633	-7.05624	-5.42991
538.152	10.4502	0.845936	48.4164	-3.97304	-43.6932	8.68981	2.40491	1.72061	-4.30592	7.34924	-7.17006	-5.5693
548.151	10.6443	0.861654	48.454	-3.8938	-43.7547	8.60621	2.40613	1.75814	-4.22669	7.28772	-7.11589	-5.45911
558.15	10.8385	0.877371	48.447	-4.01458	-43.6153	8.78231	2.44004	1.75121	-4.34746	7.4271	-7.24381	-5.63264
568.149	11.0327	0.893089	48.5035	-3.96588	-43.582	8.798	2.46515	1.80766	-4.29877	7.46041	-7.28143	-5.57315
578.148	11.2268	0.908807	48.4927	-4.00612	-43.5445	8.84725	2.47019	1.7969	-4.33901	7.49787	-7.31506	-5.63011
588.198	11.422	0.924605	48.4845	-4.19324	-43.3661	9.08906	2.52549	1.78872	-4.52613	7.67631	-7.47514	-5.89665
598.198	11.6162	0.940324	48.5679	-4.03103	-43.4328	8.96962	2.5329	1.87209	-4.36392	7.60958	-7.424	-5.67613
608.197	11.8103	0.956042	48.5188	-4.21241	-43.2259	9.22393	2.55663	1.82303	-4.54529	7.8165	-7.61282	-5.93962
