# Date: Thu Nov 9 15:14:09 2023
# Object: noProject-BWS0001-BW1
# Illuminant: D65
# Sample integration time [ms]: 50
# White standard integration time [ms]: 50
# Sample: 07
# Curr: 700 (Watts: 0.0194186, MLuxes: 5.65894)
# LED: 1
#Time	Watts	Lux	L	a	b	dE76	dE2000	dL	da	db	dC	dh
0	0	0	50.9415	-2.66028	-48.3243	0	0	0	0	0	0	0
8.851	0.171874	0.0139131	51.166	-3.11896	-47.6358	0.85724	0.294915	0.224585	-0.458672	0.688507	-0.659679	-0.595107
18.85	0.366041	0.0296308	51.223	-3.40404	-47.0666	1.48808	0.419462	0.281543	-0.743755	1.25775	-1.20799	-0.985665
28.849	0.560207	0.0453485	51.295	-3.76487	-46.5421	2.12639	0.58698	0.353541	-1.10459	1.78225	-1.70339	-1.4737
38.898	0.755345	0.0611448	51.3729	-3.98794	-46.1852	2.55435	0.712959	0.431444	-1.32765	2.13913	-2.04045	-1.78407
48.898	0.949531	0.0768641	51.4385	-3.88134	-46.0872	2.5967	0.721231	0.497021	-1.22106	2.23715	-2.14717	-1.66295
58.896	1.14368	0.0925803	51.5895	-3.96813	-45.8673	2.85785	0.858226	0.648028	-1.30785	2.45701	-2.35885	-1.79355
68.896	1.33786	0.1083	51.5488	-4.16384	-45.5048	3.2526	0.892243	0.607314	-1.50356	2.81955	-2.70261	-2.07721
78.895	1.53203	0.124017	51.6109	-4.36189	-45.2042	3.61645	1.00009	0.669397	-1.70161	3.12012	-2.98333	-2.36059
88.894	1.7262	0.139735	51.6422	-4.38078	-45.0837	3.73536	1.03039	0.700748	-1.7205	3.24064	-3.10147	-2.39902
98.893	1.92036	0.155453	51.7964	-4.20637	-45.0789	3.69511	1.10053	0.854947	-1.54608	3.24539	-3.12273	-2.17991
108.892	2.11453	0.17117	51.7351	-4.63298	-44.5874	4.29958	1.18265	0.793672	-1.9727	3.73697	-3.57008	-2.78121
118.891	2.3087	0.186888	51.7251	-4.77298	-44.3333	4.58323	1.22765	0.783683	-2.1127	3.99103	-3.80801	-2.99389
128.89	2.50286	0.202606	51.7967	-4.87629	-44.1162	4.83221	1.31319	0.855252	-2.216	4.2081	-4.0126	-3.15647
138.89	2.69705	0.218325	51.9761	-4.58744	-44.3318	4.55238	1.35465	1.03459	-1.92715	3.99248	-3.82893	-2.75692
148.888	2.8912	0.234041	51.9324	-4.64486	-44.1756	4.70448	1.34378	0.990893	-1.98458	4.1487	-3.97835	-2.85134
158.938	3.08635	0.249839	52.0191	-4.75847	-43.984	4.93982	1.44319	1.07764	-2.09819	4.34029	-4.15681	-3.02362
168.936	3.2805	0.265555	51.9927	-4.95483	-43.6992	5.26893	1.48684	1.05119	-2.29455	4.62511	-4.41828	-3.31786
178.935	3.47467	0.281273	52.0439	-4.73424	-43.7455	5.14615	1.47222	1.10248	-2.07396	4.57887	-4.39661	-3.02566
188.934	3.66883	0.296991	52.125	-4.8566	-43.5884	5.35289	1.56678	1.18351	-2.19632	4.73592	-4.53936	-3.20666
198.934	3.86302	0.31271	52.0418	-5.02522	-43.3486	5.61798	1.55983	1.10034	-2.36493	4.97575	-4.75862	-3.46156
208.934	4.05721	0.328429	52.0731	-5.09484	-43.2178	5.76928	1.60659	1.13161	-2.43456	5.10656	-4.88046	-3.57245
218.982	4.25232	0.344224	52.1961	-5.0874	-43.1576	5.84464	1.69611	1.25461	-2.42712	5.16671	-4.94107	-3.57199
228.981	4.44649	0.359942	52.1277	-5.2252	-42.9188	6.09961	1.69568	1.18622	-2.56491	5.4055	-5.16176	-3.79039
238.98	4.64066	0.375659	52.2113	-5.07428	-42.9585	6.01927	1.71912	1.26984	-2.414	5.36579	-5.14031	-3.5856
248.979	4.83482	0.391377	52.2266	-5.28377	-42.7539	6.29001	1.78975	1.28516	-2.62349	5.57044	-5.31835	-3.89424
258.979	5.02901	0.407096	52.2365	-5.37282	-42.5961	6.46898	1.8286	1.295	-2.71253	5.72825	-5.46391	-4.038
268.979	5.2232	0.422816	52.2819	-5.37175	-42.5205	6.54475	1.86563	1.34047	-2.71146	5.80387	-5.53906	-4.04923
278.977	5.41734	0.438532	52.3863	-5.18878	-42.6265	6.39888	1.89554	1.44483	-2.52849	5.69779	-5.45632	-3.78928
289.026	5.61248	0.454328	52.2927	-5.5334	-42.2592	6.84592	1.93034	1.35123	-2.87311	6.06515	-5.77759	-4.30885
299.025	5.80665	0.470046	52.398	-5.39459	-42.2676	6.80302	1.97277	1.4565	-2.73431	6.05668	-5.78698	-4.12231
309.024	6.00081	0.485763	52.3638	-5.51917	-42.0722	7.02037	1.99084	1.42237	-2.85888	6.25214	-5.96484	-4.32258
319.073	6.19595	0.50156	52.4518	-5.29307	-42.2663	6.77584	1.99282	1.51031	-2.63279	6.05801	-5.80104	-3.98708
329.072	6.39012	0.517277	52.3833	-5.52692	-41.9866	7.10375	2.0132	1.44181	-2.86663	6.33773	-6.04869	-4.34804
339.071	6.58429	0.532995	52.4987	-5.2883	-42.1234	6.9125	2.03946	1.55724	-2.62802	6.2009	-5.94341	-4.00466
349.071	6.77847	0.548714	52.5307	-5.33887	-42.017	7.03437	2.08126	1.58925	-2.67859	6.30728	-6.04262	-4.09047
359.07	6.97264	0.564432	52.4613	-5.52532	-41.7685	7.31416	2.08695	1.5198	-2.86503	6.55582	-6.26512	-4.38459
369.068	7.16679	0.580148	52.5335	-5.43349	-41.806	7.26039	2.11872	1.59202	-2.7732	6.51829	-6.23984	-4.25418
379.068	7.36097	0.595868	52.4695	-5.65314	-41.5052	7.60215	2.14243	1.52806	-2.99285	6.81913	-6.50908	-4.60515
389.067	7.55514	0.611585	52.6038	-5.5787	-41.5574	7.55463	2.21886	1.66236	-2.91841	6.76697	-6.46737	-4.49474
399.116	7.75028	0.627382	52.5599	-5.63387	-41.4283	7.68221	2.20948	1.6184	-2.97359	6.896	-6.58785	-4.59321
409.115	7.94444	0.643099	52.6918	-5.46984	-41.5208	7.5661	2.26901	1.75035	-2.80955	6.80357	-6.518	-4.35379
419.114	8.13861	0.658817	52.5989	-5.62018	-41.3035	7.79748	2.24701	1.65749	-2.9599	7.02086	-6.71341	-4.59769
429.113	8.33278	0.674535	52.5926	-5.75969	-41.1455	7.99175	2.28394	1.65112	-3.0994	7.17882	-6.85082	-4.81769
439.113	8.52696	0.690254	52.6944	-5.67102	-41.1639	7.96293	2.33861	1.75289	-3.01074	7.16038	-6.84475	-4.69309
449.112	8.72113	0.705972	52.6887	-5.74289	-41.0748	8.06915	2.35604	1.74724	-3.08261	7.24954	-6.92319	-4.80825
459.111	8.91529	0.721689	52.7447	-5.75639	-40.9901	8.16264	2.40731	1.80328	-3.0961	7.33423	-7.00518	-4.84299
469.16	9.11043	0.737486	52.7804	-5.74726	-40.978	8.178	2.43292	1.83894	-3.08697	7.34633	-7.01843	-4.8328
479.109	9.30363	0.753125	52.6394	-5.9717	-40.6654	8.51511	2.4066	1.69789	-3.31141	7.6589	-7.29594	-5.20316
489.108	9.49779	0.768842	52.6485	-6.04647	-40.5149	8.68148	2.44384	1.70707	-3.38619	7.80947	-7.43393	-5.33724
499.107	9.69196	0.78456	52.6924	-5.7669	-40.7379	8.38274	2.39758	1.75094	-3.10662	7.5864	-7.25341	-4.90632
509.106	9.88613	0.800278	52.7071	-5.93371	-40.5431	8.62436	2.45855	1.76562	-3.27343	7.78118	-7.42244	-5.17545
519.106	10.0803	0.815997	52.7479	-5.87025	-40.5081	8.64066	2.47949	1.80646	-3.20997	7.81625	-7.46629	-5.09466
529.155	10.2755	0.831793	52.8554	-5.65759	-40.6992	8.41362	2.50327	1.91391	-2.99731	7.62509	-7.30691	-4.76297
539.154	10.4696	0.847511	52.845	-5.80101	-40.5458	8.60188	2.53359	1.90356	-3.14073	7.77847	-7.43876	-4.99123
549.152	10.6638	0.863227	52.7801	-6.05322	-40.2062	8.98865	2.56809	1.83865	-3.39293	8.11808	-7.73813	-5.41083
559.152	10.858	0.878947	52.8346	-5.94098	-40.2841	8.88774	2.57762	1.89314	-3.28069	8.04021	-7.67765	-5.23835
569.151	11.0521	0.894664	52.8787	-5.89099	-40.3036	8.86127	2.59882	1.93728	-3.23071	8.02069	-7.66561	-5.16478
579.15	11.2463	0.910382	52.8526	-6.06349	-40.1153	9.0897	2.63054	1.91111	-3.40321	8.20905	-7.82656	-5.4443
589.199	11.4414	0.926178	52.9406	-5.94197	-40.1501	9.0324	2.6687	1.99913	-3.28168	8.17424	-7.8101	-5.26733
599.199	11.6356	0.941898	53.0202	-5.75706	-40.3446	8.80834	2.67871	2.07869	-3.09678	7.97971	-7.6442	-4.97013
609.198	11.8298	0.957615	52.8905	-6.12634	-39.8801	9.33363	2.69466	1.94899	-3.46606	8.4442	-8.04956	-5.58246
